25215.004 -0.00161 0 0
25215.012 -0.00725 0 0
25215.020 -0.00725 0 0
25215.025 -0.00322 0 0
25215.031 0.00081 0 0
25215.037 0.00403 0 0
25215.045 0.00403 0 0
25215.050 0.00242 0 0
25215.059 0.00000 0 0
25215.064 0.00000 0 0
25215.072 0.00403 0 0
25215.078 0.00967 0 0
25215.084 0.01531 0 0
25215.090 0.01854 0 0
25215.100 0.02176 0 0
25215.105 0.02418 0 0
25215.111 0.02660 0 0
25215.117 0.02821 0 0
25215.125 0.03143 0 0
25215.130 0.03708 0 0
25215.139 0.04433 0 0
25215.145 0.05320 0 0
25215.152 0.06126 0 0
25215.158 0.06932 0 0
25215.164 0.07818 0 0
25215.170 0.08785 0 0
25215.178 0.09833 0 0
25215.186 0.10962 0 0
25215.191 0.12009 0 0
25215.200 0.13138 0 0
25215.205 0.14347 0 0
25215.210 0.15475 0 0
25215.217 0.16281 0 0
25215.227 0.16765 0 0
25215.232 0.16845 0 0
25215.238 0.16604 0 0
25215.244 0.15878 0 0
25215.252 0.14669 0 0
25215.258 0.12815 0 0
25215.266 0.10317 0 0
25215.271 0.07496 0 0
25215.280 0.04514 0 0
25215.285 0.02982 0 0
25215.291 0.01773 0 0
25215.297 0.00564 0 0
25215.307 -0.00081 0 0
25215.313 -0.00725 0 0
25215.318 -0.01128 0 0
25215.324 -0.01451 0 0
25215.332 -0.01693 0 0
25215.338 -0.01854 0 0
25215.344 -0.01854 0 0
25215.352 -0.01612 0 0
25215.360 -0.01370 0 0
25215.365 -0.01290 0 0
25215.371 -0.01290 0 0
25215.377 -0.01370 0 0
25215.385 -0.01451 0 0
25215.393 -0.01451 0 0
25215.398 -0.01370 0 0
25215.404 -0.01209 0 0
25215.412 -0.01048 0 0
25215.418 -0.00887 0 0
25215.424 -0.00645 0 0
25215.430 -0.00484 0 0
25215.440 -0.00322 0 0
25215.445 -0.00322 0 0
25215.451 -0.00403 0 0
25215.457 -0.00564 0 0
25215.465 -0.00806 0 0
25215.470 -0.00887 0 0
25215.479 -0.00806 0 0
25215.484 -0.00645 0 0
25215.492 -0.00725 0 0
25215.498 -0.00725 0 0
25215.504 -0.00564 0 0
25215.510 -0.00322 0 0
25215.520 0.00000 0 0
25215.525 0.00081 0 0
25215.531 -0.00081 0 0
25215.540 -0.00242 0 0
25215.545 -0.00484 0 0
25215.550 -0.00645 0 0
25215.557 -0.00645 0 0
25215.566 -0.00484 0 0
25215.572 -0.00322 0 0
25215.578 -0.00161 0 0
25215.584 -0.00242 0 0
25215.592 -0.00242 0 0
25215.598 -0.00161 0 0
25215.605 0.00000 0 0
25215.611 0.00000 0 0
25215.620 0.00000 0 0
25215.625 0.00081 0 0
25215.630 0.00161 0 0
25215.637 0.00161 0 0
25215.646 -0.00081 0 0
25215.652 -0.00322 0 0
25215.658 -0.00403 0 0
25215.664 -0.00242 0 0
25215.672 0.00161 0 0
25215.678 0.00403 0 0
25215.684 0.00322 0 0
25215.691 0.00161 0 0
25215.700 0.00000 0 0
25215.705 0.00000 0 0
25215.710 0.00000 0 0
25215.717 -0.00081 0 0
25215.725 -0.00242 0 0
25215.732 -0.00322 0 0
25215.738 -0.00322 0 0
25215.744 -0.00322 0 0
25215.752 0.00000 0 0
25215.758 0.00322 0 0
25215.764 0.00403 0 0
25215.771 0.00242 0 0
25215.780 0.00000 0 0
25215.785 -0.00242 0 0
25215.791 -0.00242 0 0
25215.797 -0.00161 0 0
25215.805 0.00000 0 0
25215.810 0.00000 0 0
25215.818 -0.00081 0 0
25215.824 0.00000 0 0
25215.832 0.00161 0 0
25215.838 0.00403 0 0
25215.844 0.00484 0 0
25215.850 0.00322 0 0
25215.860 0.00322 0 0
25215.865 0.00645 0 0
25215.871 0.01048 0 0
25215.879 0.01290 0 0
25215.885 0.01290 0 0
25215.890 0.00967 0 0
25215.898 0.00484 0 0
25215.906 -0.00161 0 0
25215.912 -0.00725 0 0
25215.918 -0.00887 0 0
25215.924 -0.00887 0 0
25215.932 -0.00725 0 0
25215.940 -0.00484 0 0
25215.945 -0.00081 0 0
25215.951 0.00322 0 0
25215.959 -0.00403 0 0
25215.965 -0.02096 0 0
25215.970 -0.01854 0 0
25215.977 0.05158 0 0
25215.986 0.19747 0 0
25215.992 0.34819 0 0
25215.998 0.39494 1 0
25216.004 0.29419 0 0
25216.012 0.10720 0 0
25216.018 -0.04352 0 0
25216.025 -0.08785 0 0
25216.031 -0.05239 0 0
25216.040 -0.00887 0 0
25216.045 0.00725 0 0
25216.050 0.00081 0 0
25216.057 -0.00806 0 0
25216.066 -0.01048 0 0
25216.072 -0.00967 0 0
25216.078 -0.00806 0 0
25216.084 -0.00564 0 0
25216.092 -0.00242 0 0
25216.098 0.00000 0 0
25216.104 0.00161 0 0
25216.111 0.00242 0 0
25216.120 0.00403 0 0
25216.125 0.00484 0 0
25216.130 0.00645 0 0
25216.137 0.00887 0 0
25216.145 0.01451 0 0
25216.152 0.02096 0 0
25216.158 0.02499 0 0
25216.164 0.02579 0 0
25216.172 0.02579 0 0
25216.178 0.02902 0 0
25216.184 0.03788 0 0
25216.190 0.04836 0 0
25216.200 0.05723 0 0
25216.205 0.06287 0 0
25216.210 0.06690 0 0
25216.219 0.07415 0 0
25216.225 0.08624 0 0
25216.230 0.10075 0 0
25216.238 0.11365 0 0
25216.246 0.12171 0 0
25216.252 0.12815 0 0
25216.258 0.13783 0 0
25216.264 0.14911 0 0
25216.271 0.15798 0 0
25216.280 0.16120 0 0
25216.285 0.15878 0 0
25216.291 0.15395 0 0
25216.299 0.14669 0 0
25216.305 0.13299 0 0
25216.310 0.11042 0 0
25216.316 0.08302 0 0
25216.326 0.05400 0 0
25216.332 0.02660 0 0
25216.338 0.02015 0 0
25216.344 0.01693 0 0
25216.352 0.00322 0 0
25216.357 -0.00403 0 0
25216.365 -0.00887 0 0
25216.371 -0.01128 0 0
25216.379 -0.01370 0 0
25216.385 -0.01693 0 0
25216.390 -0.01854 0 0
25216.396 -0.01854 0 0
25216.406 -0.01854 0 0
25216.412 -0.01773 0 0
25216.418 -0.01693 0 0
25216.424 -0.01451 0 0
25216.432 -0.01128 0 0
25216.438 -0.00967 0 0
25216.445 -0.00887 0 0
25216.451 -0.00967 0 0
25216.459 -0.00967 0 0
25216.465 -0.00887 0 0
25216.470 -0.00725 0 0
25216.477 -0.00725 0 0
25216.484 -0.00806 0 0
25216.492 -0.00806 0 0
25216.498 -0.00725 0 0
25216.504 -0.00564 0 0
25216.512 -0.00403 0 0
25216.518 -0.00403 0 0
25216.523 -0.00403 0 0
25216.531 -0.00403 0 0
25216.540 -0.00484 0 0
25216.545 -0.00645 0 0
25216.550 -0.00806 0 0
25216.559 -0.00806 0 0
25216.564 -0.00645 0 0
25216.572 -0.00403 0 0
25216.578 -0.00242 0 0
25216.586 -0.00081 0 0
25216.592 0.00000 0 0
25216.598 0.00000 0 0
25216.604 -0.00081 0 0
25216.611 -0.00161 0 0
25216.620 -0.00322 0 0
25216.625 -0.00322 0 0
25216.630 -0.00322 0 0
25216.639 -0.00161 0 0
25216.645 0.00081 0 0
25216.650 0.00242 0 0
25216.658 0.00242 0 0
25216.666 -0.00081 0 0
25216.672 -0.00322 0 0
25216.678 -0.00242 0 0
25216.684 0.00000 0 0
25216.691 0.00161 0 0
25216.700 0.00161 0 0
25216.705 0.00081 0 0
25216.710 -0.00081 0 0
25216.719 -0.00322 0 0
25216.725 -0.00403 0 0
25216.730 -0.00322 0 0
25216.736 0.00000 0 0
25216.746 0.00161 0 0
25216.752 0.00161 0 0
25216.758 -0.00081 0 0
25216.764 0.00000 0 0
25216.771 0.00242 0 0
25216.777 0.00242 0 0
25216.785 0.00000 0 0
25216.791 -0.00161 0 0
25216.799 -0.00161 0 0
25216.805 -0.00081 0 0
25216.810 0.00000 0 0
25216.816 0.00000 0 0
25216.826 0.00000 0 0
25216.832 0.00000 0 0
25216.838 -0.00081 0 0
25216.844 -0.00161 0 0
25216.852 -0.00161 0 0
25216.857 -0.00081 0 0
25216.863 0.00000 0 0
25216.871 0.00161 0 0
25216.879 0.00242 0 0
25216.885 0.00322 0 0
25216.890 0.00242 0 0
25216.898 0.00242 0 0
25216.904 0.00322 0 0
25216.912 0.00725 0 0
25216.918 0.01209 0 0
25216.926 0.01451 0 0
25216.932 0.01209 0 0
25216.938 0.00725 0 0
25216.943 -0.00081 0 0
25216.953 -0.00725 0 0
25216.959 -0.00967 0 0
25216.965 -0.00725 0 0
25216.970 -0.00564 0 0
25216.979 -0.00484 0 0
25216.984 -0.00564 0 0
25216.990 -0.00161 0 0
25216.998 0.00322 0 0
25217.006 -0.00161 0 0
25217.012 -0.02015 0 0
25217.018 -0.01934 0 0
25217.023 0.04755 0 0
25217.031 0.18941 0 0
25217.040 0.33933 0 0
25217.045 0.39172 1 0
25217.050 0.29338 0 0
25217.059 0.10639 0 0
25217.064 -0.04352 0 0
25217.070 -0.08785 0 0
25217.078 -0.05400 0 0
25217.086 -0.00967 0 0
25217.092 0.00645 0 0
25217.098 0.00000 0 0
25217.104 -0.00806 0 0
25217.111 -0.00967 0 0
25217.117 -0.00645 0 0
25217.125 -0.00322 0 0
25217.130 -0.00081 0 0
25217.139 0.00000 0 0
25217.145 0.00161 0 0
25217.150 0.00322 0 0
25217.156 0.00484 0 0
25217.166 0.00564 0 0
25217.172 0.00725 0 0
25217.178 0.01128 0 0
25217.184 0.01612 0 0
25217.191 0.02096 0 0
25217.197 0.02418 0 0
25217.205 0.02740 0 0
25217.210 0.03063 0 0
25217.219 0.03305 0 0
25217.225 0.03466 0 0
25217.230 0.03708 0 0
25217.238 0.04272 0 0
25217.246 0.05239 0 0
25217.252 0.06367 0 0
25217.258 0.07254 0 0
25217.266 0.08060 0 0
25217.271 0.08947 0 0
25217.277 0.10156 0 0
25217.283 0.11606 0 0
25217.293 0.12977 0 0
25217.299 0.13944 0 0
25217.305 0.14589 0 0
25217.310 0.15072 0 0
25217.318 0.15475 0 0
25217.324 0.15959 0 0
25217.332 0.16201 0 0
25217.338 0.16039 0 0
25217.346 0.15153 0 0
25217.352 0.13380 0 0
25217.357 0.11042 0 0
25217.363 0.08463 0 0
25217.373 0.05803 0 0
25217.379 0.04111 0 0
25217.385 0.02418 0 0
25217.390 0.01128 0 0
25217.398 0.00725 0 0
25217.404 0.00242 0 0
25217.410 0.00081 0 0
25217.418 -0.00322 0 0
25217.426 -0.00725 0 0
25217.432 -0.01048 0 0
25217.438 -0.01209 0 0
25217.443 -0.01128 0 0
25217.451 -0.01048 0 0
25217.459 -0.00806 0 0
25217.465 -0.00645 0 0
25217.470 -0.00645 0 0
25217.479 -0.00806 0 0
25217.484 -0.00967 0 0
25217.490 -0.00967 0 0
25217.496 -0.00725 0 0
25217.506 -0.00484 0 0
25217.512 -0.00322 0 0
25217.518 -0.00322 0 0
25217.523 -0.00242 0 0
25217.531 -0.00081 0 0
25217.537 0.00081 0 0
25217.545 0.00081 0 0
25217.550 0.00081 0 0
25217.559 0.00161 0 0
25217.564 0.00242 0 0
25217.570 0.00000 0 0
25217.578 -0.00322 0 0
25217.586 -0.00645 0 0
25217.592 -0.00725 0 0
25217.598 -0.00564 0 0
25217.605 -0.00242 0 0
25217.611 -0.00161 0 0
25217.617 -0.00161 0 0
25217.623 -0.00242 0 0
25217.633 -0.00242 0 0
25217.639 -0.00242 0 0
25217.645 -0.00322 0 0
25217.650 -0.00484 0 0
25217.658 -0.00564 0 0
25217.664 -0.00484 0 0
25217.672 -0.00242 0 0
25217.678 0.00000 0 0
25217.686 0.00000 0 0
25217.691 -0.00161 0 0
25217.697 -0.00322 0 0
25217.703 -0.00322 0 0
25217.713 -0.00081 0 0
25217.719 0.00081 0 0
25217.725 0.00081 0 0
25217.730 0.00000 0 0
25217.738 0.00000 0 0
25217.744 0.00000 0 0
25217.750 0.00000 0 0
25217.758 -0.00161 0 0
25217.766 -0.00081 0 0
25217.771 0.00000 0 0
25217.777 0.00081 0 0
25217.783 0.00000 0 0
25217.791 -0.00242 0 0
25217.799 -0.00322 0 0
25217.805 0.00000 0 0
25217.810 0.00242 0 0
25217.818 0.00403 0 0
25217.824 0.00403 0 0
25217.830 0.00322 0 0
25217.838 0.00161 0 0
25217.846 0.00000 0 0
25217.852 0.00000 0 0
25217.857 0.00242 0 0
25217.863 0.00645 0 0
25217.871 0.00967 0 0
25217.879 0.00887 0 0
25217.885 0.00725 0 0
25217.890 0.00322 0 0
25217.898 -0.00242 0 0
25217.904 -0.00806 0 0
25217.910 -0.01128 0 0
25217.918 -0.01128 0 0
25217.926 -0.00967 0 0
25217.932 -0.00645 0 0
25217.938 0.00000 0 0
25217.945 0.00645 0 0
25217.951 0.00242 0 0
25217.957 -0.01531 0 0
25217.965 -0.01854 0 0
25217.973 0.03708 0 0
25217.979 0.17007 0 0
25217.984 0.32482 0 0
25217.990 0.39252 1 0
25217.998 0.31515 0 0
25218.006 0.14347 0 0
25218.012 -0.01290 0 0
25218.018 -0.07818 0 0
25218.025 -0.05964 0 0
25218.031 -0.01693 0 0
25218.037 0.00403 0 0
25218.043 0.00322 0 0
25218.053 -0.00242 0 0
25218.059 -0.00484 0 0
25218.064 -0.00564 0 0
25218.070 -0.00564 0 0
25218.078 -0.00403 0 0
25218.084 0.00000 0 0
25218.092 0.00322 0 0
25218.098 0.00564 0 0
25218.105 0.00645 0 0
25218.111 0.00725 0 0
25218.117 0.00887 0 0
25218.123 0.01128 0 0
25218.133 0.01451 0 0
25218.139 0.01773 0 0
25218.145 0.02096 0 0
25218.150 0.02418 0 0
25218.158 0.02821 0 0
25218.164 0.03305 0 0
25218.170 0.03949 0 0
25218.178 0.04594 0 0
25218.186 0.05158 0 0
25218.191 0.05723 0 0
25218.197 0.06367 0 0
25218.203 0.07254 0 0
25218.210 0.08382 0 0
25218.219 0.09591 0 0
25218.225 0.10800 0 0
25218.230 0.12090 0 0
25218.238 0.13299 0 0
25218.244 0.14427 0 0
25218.250 0.15395 0 0
25218.260 0.16120 0 0
25218.266 0.16604 0 0
25218.271 0.16926 0 0
25218.277 0.17168 0 0
25218.285 0.17087 0 0
25218.291 0.16201 0 0
25218.297 0.14508 0 0
25218.305 0.12009 0 0
25218.313 0.09188 0 0
25218.318 0.06206 0 0
25218.324 0.03788 0 0
25218.330 0.01693 0 0
25218.338 0.00564 0 0
25218.346 0.00081 0 0
25218.352 -0.00645 0 0
25218.357 -0.01370 0 0
25218.365 -0.02015 0 0
25218.371 -0.02418 0 0
25218.377 -0.02337 0 0
25218.385 -0.02015 0 0
25218.393 -0.01693 0 0
25218.398 -0.01612 0 0
25218.404 -0.01773 0 0
25218.410 -0.01934 0 0
25218.418 -0.01934 0 0
25218.424 -0.01693 0 0
25218.432 -0.01290 0 0
25218.438 -0.00967 0 0
25218.445 -0.00887 0 0
25218.451 -0.01048 0 0
25218.457 -0.01209 0 0
25218.463 -0.01048 0 0
25218.473 -0.00806 0 0
25218.479 -0.00564 0 0
25218.484 -0.00645 0 0
25218.490 -0.00725 0 0
25218.498 -0.00645 0 0
25218.504 -0.00484 0 0
25218.512 -0.00322 0 0
25218.518 -0.00242 0 0
25218.525 -0.00403 0 0
25218.531 -0.00484 0 0
25218.537 -0.00484 0 0
25218.543 -0.00322 0 0
25218.550 0.00000 0 0
25218.559 0.00242 0 0
25218.564 0.00403 0 0
25218.570 0.00161 0 0
25218.578 -0.00242 0 0
25218.584 -0.00564 0 0
25218.590 -0.00645 0 0
25218.598 -0.00403 0 0
25218.605 -0.00161 0 0
25218.611 0.00000 0 0
25218.617 -0.00081 0 0
25218.625 -0.00081 0 0
25218.630 -0.00081 0 0
25218.639 0.00000 0 0
25218.645 -0.00081 0 0
25218.652 -0.00242 0 0
25218.658 -0.00242 0 0
25218.664 0.00000 0 0
25218.670 0.00242 0 0
25218.680 0.00242 0 0
25218.686 -0.00081 0 0
25218.691 -0.00484 0 0
25218.697 -0.00484 0 0
25218.705 -0.00242 0 0
25218.710 0.00322 0 0
25218.717 0.00564 0 0
25218.725 0.00564 0 0
25218.732 0.00564 0 0
25218.738 0.00484 0 0
25218.744 0.00322 0 0
25218.750 0.00322 0 0
25218.758 0.00403 0 0
25218.766 0.00645 0 0
25218.771 0.00806 0 0
25218.777 0.00887 0 0
25218.785 0.00564 0 0
25218.791 0.00161 0 0
25218.797 -0.00322 0 0
25218.803 -0.00645 0 0
25218.813 -0.00806 0 0
25218.818 -0.00887 0 0
25218.824 -0.00887 0 0
25218.830 -0.00725 0 0
25218.838 -0.00242 0 0
25218.844 0.00322 0 0
25218.852 -0.00403 0 0
25218.857 -0.02257 0 0
25218.865 -0.02176 0 0
25218.871 0.04836 0 0
25218.877 0.19586 0 0
25218.883 0.34577 0 0
25218.893 0.38930 1 0
25218.898 0.28532 0 0
25218.904 0.09753 0 0
25218.910 -0.04836 0 0
25218.918 -0.08866 0 0
25218.924 -0.05320 0 0
25218.930 -0.01048 0 0
25218.938 0.00564 0 0
25218.945 0.00081 0 0
25218.951 -0.00484 0 0
25218.957 -0.00484 0 0
25218.965 -0.00322 0 0
25218.970 -0.00322 0 0
25218.979 -0.00403 0 0
25218.984 -0.00322 0 0
25218.992 0.00000 0 0
25218.998 0.00403 0 0
25219.004 0.00725 0 0
25219.010 0.00887 0 0
25219.020 0.01048 0 0
25219.025 0.01209 0 0
25219.031 0.01612 0 0
25219.037 0.02015 0 0
25219.045 0.02418 0 0
25219.050 0.02740 0 0
25219.057 0.03063 0 0
25219.064 0.03466 0 0
25219.072 0.04030 0 0
25219.078 0.04675 0 0
25219.084 0.05400 0 0
25219.090 0.06045 0 0
25219.098 0.06851 0 0
25219.105 0.07738 0 0
25219.111 0.08785 0 0
25219.117 0.10075 0 0
25219.125 0.11284 0 0
25219.130 0.12493 0 0
25219.137 0.13460 0 0
25219.145 0.14266 0 0
25219.152 0.15072 0 0
25219.158 0.15878 0 0
25219.164 0.16684 0 0
25219.170 0.17248 0 0
25219.178 0.17248 0 0
25219.186 0.16765 0 0
25219.191 0.15636 0 0
25219.197 0.13783 0 0
25219.205 0.11203 0 0
25219.210 0.08141 0 0
25219.217 0.05078 0 0
25219.223 0.02499 0 0
25219.232 0.01934 0 0
25219.238 0.01693 0 0
25219.244 0.00242 0 0
25219.250 -0.00967 0 0
25219.258 -0.01854 0 0
25219.264 -0.02176 0 0
25219.271 -0.02096 0 0
25219.277 -0.01934 0 0
25219.285 -0.01773 0 0
25219.291 -0.01693 0 0
25219.297 -0.01531 0 0
25219.305 -0.01531 0 0
25219.313 -0.01451 0 0
25219.318 -0.01451 0 0
25219.324 -0.01290 0 0
25219.332 -0.01209 0 0
25219.338 -0.01048 0 0
25219.344 -0.00967 0 0
25219.350 -0.00806 0 0
25219.360 -0.00806 0 0
25219.365 -0.00806 0 0
25219.371 -0.00887 0 0
25219.377 -0.00887 0 0
25219.385 -0.00645 0 0
25219.390 -0.00322 0 0
25219.398 -0.00242 0 0
25219.404 -0.00322 0 0
25219.412 -0.00645 0 0
25219.418 -0.00806 0 0
25219.424 -0.00725 0 0
25219.430 -0.00403 0 0
25219.440 -0.00081 0 0
25219.445 0.00000 0 0
25219.451 -0.00242 0 0
25219.457 -0.00564 0 0
25219.465 -0.00645 0 0
25219.470 -0.00484 0 0
25219.477 -0.00242 0 0
25219.484 -0.00161 0 0
25219.492 -0.00322 0 0
25219.498 -0.00564 0 0
25219.504 -0.00806 0 0
25219.510 -0.00806 0 0
25219.518 -0.00645 0 0
25219.525 -0.00322 0 0
25219.531 -0.00161 0 0
25219.537 0.00000 0 0
25219.545 0.00161 0 0
25219.550 0.00322 0 0
25219.557 0.00322 0 0
25219.563 0.00161 0 0
25219.572 0.00000 0 0
25219.578 -0.00081 0 0
25219.584 0.00000 0 0
25219.590 0.00161 0 0
25219.598 -0.00081 0 0
25219.604 -0.00322 0 0
25219.611 -0.00564 0 0
25219.617 -0.00322 0 0
25219.625 -0.00081 0 0
25219.630 0.00161 0 0
25219.637 0.00161 0 0
25219.645 0.00242 0 0
25219.652 0.00081 0 0
25219.658 -0.00081 0 0
25219.664 -0.00242 0 0
25219.672 -0.00322 0 0
25219.678 -0.00081 0 0
25219.684 0.00161 0 0
25219.691 0.00161 0 0
25219.700 0.00000 0 0
25219.705 0.00081 0 0
25219.710 0.00645 0 0
25219.717 0.01209 0 0
25219.725 0.01451 0 0
25219.730 0.01128 0 0
25219.738 0.00725 0 0
25219.744 0.00242 0 0
25219.752 -0.00322 0 0
25219.758 -0.00806 0 0
25219.764 -0.01048 0 0
25219.770 -0.00967 0 0
25219.780 -0.00564 0 0
25219.785 -0.00081 0 0
25219.791 0.00484 0 0
25219.797 0.00081 0 0
25219.805 -0.01693 0 0
25219.810 -0.02740 0 0
25219.818 0.01773 0 0
25219.824 0.14186 0 0
25219.832 0.29903 0 0
25219.838 0.38446 1 0
25219.844 0.32643 0 0
25219.850 0.15395 0 0
25219.857 -0.01290 0 0
25219.865 -0.08544 0 0
25219.871 -0.06529 0 0
25219.877 -0.01854 0 0
25219.885 0.00403 0 0
25219.890 0.00081 0 0
25219.896 -0.00645 0 0
25219.904 -0.00725 0 0
25219.912 -0.00403 0 0
25219.918 -0.00322 0 0
25219.924 -0.00242 0 0
25219.930 -0.00161 0 0
25219.938 0.00000 0 0
25219.945 0.00081 0 0
25219.951 0.00000 0 0
25219.957 0.00161 0 0
25219.965 0.00403 0 0
25219.970 0.00887 0 0
25219.977 0.01290 0 0
25219.984 0.01693 0 0
25219.992 0.02176 0 0
25219.998 0.02740 0 0
25220.004 0.03063 0 0
25220.012 0.03305 0 0
25220.018 0.03627 0 0
25220.023 0.04191 0 0
25220.031 0.04997 0 0
25220.040 0.05723 0 0
25220.045 0.06448 0 0
25220.050 0.07093 0 0
25220.057 0.07818 0 0
25220.064 0.08705 0 0
25220.072 0.09833 0 0
25220.078 0.11123 0 0
25220.084 0.12412 0 0
25220.092 0.13702 0 0
25220.098 0.14750 0 0
25220.104 0.15717 0 0
25220.110 0.16442 0 0
25220.120 0.17007 0 0
25220.125 0.17329 0 0
25220.130 0.17087 0 0
25220.137 0.16039 0 0
25220.145 0.14347 0 0
25220.150 0.11929 0 0
25220.158 0.09188 0 0
25220.164 0.06287 0 0
25220.172 0.03466 0 0
25220.178 0.02257 0 0
25220.184 0.01451 0 0
25220.190 0.00484 0 0
25220.200 -0.00081 0 0
25220.205 -0.00887 0 0
25220.210 -0.01451 0 0
25220.217 -0.02015 0 0
25220.225 -0.02257 0 0
25220.230 -0.02257 0 0
25220.236 -0.02015 0 0
25220.244 -0.01773 0 0
25220.252 -0.01693 0 0
25220.258 -0.01693 0 0
25220.264 -0.01451 0 0
25220.270 -0.01048 0 0
25220.277 -0.00725 0 0
25220.285 -0.00564 0 0
25220.291 -0.00645 0 0
25220.297 -0.00806 0 0
25220.305 -0.00887 0 0
25220.310 -0.00887 0 0
25220.316 -0.00725 0 0
25220.326 -0.00484 0 0
25220.332 -0.00161 0 0
25220.338 0.00000 0 0
25220.344 -0.00161 0 0
25220.352 -0.00403 0 0
25220.357 -0.00645 0 0
25220.363 -0.00564 0 0
25220.371 -0.00484 0 0
25220.379 -0.00484 0 0
25220.385 -0.00645 0 0
25220.390 -0.00806 0 0
25220.396 -0.00806 0 0
25220.404 -0.00564 0 0
25220.412 -0.00322 0 0
25220.418 -0.00161 0 0
25220.424 -0.00161 0 0
25220.432 -0.00322 0 0
25220.438 -0.00403 0 0
25220.443 -0.00403 0 0
25220.451 -0.00161 0 0
25220.459 0.00161 0 0
25220.465 0.00161 0 0
25220.470 0.00000 0 0
25220.477 -0.00322 0 0
25220.484 -0.00564 0 0
25220.490 -0.00484 0 0
25220.498 -0.00484 0 0
25220.504 -0.00403 0 0
25220.512 -0.00242 0 0
25220.518 -0.00161 0 0
25220.523 0.00000 0 0
25220.530 0.00000 0 0
25220.540 0.00000 0 0
25220.545 0.00000 0 0
25220.550 0.00161 0 0
25220.557 0.00161 0 0
25220.564 0.00161 0 0
25220.570 -0.00081 0 0
25220.578 -0.00322 0 0
25220.584 -0.00322 0 0
25220.592 -0.00161 0 0
25220.598 0.00000 0 0
25220.604 0.00000 0 0
25220.610 -0.00081 0 0
25220.620 0.00000 0 0
25220.625 0.00000 0 0
25220.630 0.00000 0 0
25220.637 0.00000 0 0
25220.645 0.00000 0 0
25220.650 0.00000 0 0
25220.656 0.00000 0 0
25220.666 0.00000 0 0
25220.672 0.00242 0 0
25220.678 0.00564 0 0
25220.684 0.00645 0 0
25220.691 0.00484 0 0
25220.697 0.00484 0 0
25220.705 0.00645 0 0
25220.710 0.00967 0 0
25220.719 0.01048 0 0
25220.725 0.00806 0 0
25220.730 0.00242 0 0
25220.736 0.00000 0 0
25220.746 -0.00161 0 0
25220.752 -0.00403 0 0
25220.758 -0.00645 0 0
25220.764 -0.00887 0 0
25220.771 -0.00967 0 0
25220.777 -0.00806 0 0
25220.783 -0.00242 0 0
25220.791 0.00242 0 0
25220.799 -0.00242 0 0
25220.805 -0.01773 0 0
25220.810 -0.01934 0 0
25220.816 0.03949 0 0
25220.824 0.17571 0 0
25220.832 0.32724 0 0
25220.838 0.38607 1 0
25220.844 0.29822 0 0
25220.852 0.11929 0 0
25220.857 -0.03224 0 0
25220.863 -0.08463 0 0
25220.870 -0.05561 0 0
25220.879 -0.01370 0 0
25220.885 0.00322 0 0
25220.890 -0.00161 0 0
25220.896 -0.00806 0 0
25220.904 -0.00806 0 0
25220.910 -0.00484 0 0
25220.918 -0.00161 0 0
25220.924 0.00000 0 0
25220.932 0.00161 0 0
25220.938 0.00161 0 0
25220.943 0.00161 0 0
25220.950 0.00161 0 0
25220.959 0.00322 0 0
25220.965 0.00645 0 0
25220.970 0.00967 0 0
25220.977 0.01209 0 0
25220.984 0.01290 0 0
25220.990 0.01451 0 0
25220.996 0.01693 0 0
25221.006 0.01934 0 0
25221.012 0.02257 0 0
25221.018 0.02660 0 0
25221.023 0.03224 0 0
25221.031 0.03949 0 0
25221.037 0.04836 0 0
25221.045 0.05723 0 0
25221.050 0.06609 0 0
25221.059 0.07335 0 0
25221.064 0.07979 0 0
25221.070 0.08866 0 0
25221.076 0.10236 0 0
25221.086 0.11768 0 0
25221.092 0.13380 0 0
25221.098 0.14427 0 0
25221.104 0.14992 0 0
25221.111 0.15233 0 0
25221.117 0.15314 0 0
25221.125 0.15475 0 0
25221.130 0.15395 0 0
25221.139 0.14911 0 0
25221.145 0.13702 0 0
25221.150 0.11445 0 0
25221.156 0.08624 0 0
25221.164 0.05561 0 0
25221.172 0.02660 0 0
25221.178 0.01854 0 0
25221.184 0.01531 0 0
25221.191 0.00242 0 0
25221.197 -0.00403 0 0
25221.203 -0.00967 0 0
25221.210 -0.01370 0 0
25221.219 -0.01693 0 0
25221.225 -0.01854 0 0
25221.230 -0.01773 0 0
25221.236 -0.01693 0 0
25221.244 -0.01612 0 0
25221.252 -0.01612 0 0
25221.258 -0.01531 0 0
25221.264 -0.01370 0 0
25221.271 -0.01290 0 0
25221.277 -0.01290 0 0
25221.283 -0.01209 0 0
25221.290 -0.01128 0 0
25221.299 -0.01128 0 0
25221.305 -0.01209 0 0
25221.310 -0.01290 0 0
25221.316 -0.01209 0 0
25221.324 -0.01048 0 0
25221.330 -0.00887 0 0
25221.338 -0.00887 0 0
25221.346 -0.00887 0 0
25221.352 -0.01048 0 0
25221.357 -0.01128 0 0
25221.363 -0.01128 0 0
25221.371 -0.00887 0 0
25221.379 -0.00564 0 0
25221.385 -0.00403 0 0
25221.390 -0.00484 0 0
25221.398 -0.00725 0 0
25221.404 -0.00967 0 0
25221.410 -0.00967 0 0
25221.416 -0.00806 0 0
25221.426 -0.00725 0 0
25221.432 -0.00725 0 0
25221.438 -0.00645 0 0
25221.443 -0.00564 0 0
25221.451 -0.00484 0 0
25221.457 -0.00484 0 0
25221.465 -0.00645 0 0
25221.470 -0.00725 0 0
25221.479 -0.00564 0 0
25221.484 -0.00322 0 0
25221.490 0.00081 0 0
25221.496 0.00161 0 0
25221.506 0.00081 0 0
25221.512 -0.00081 0 0
25221.518 -0.00161 0 0
25221.523 0.00000 0 0
25221.531 0.00242 0 0
25221.537 0.00161 0 0
25221.543 -0.00322 0 0
25221.550 -0.00484 0 0
25221.559 -0.00322 0 0
25221.564 0.00081 0 0
25221.570 0.00322 0 0
25221.576 0.00081 0 0
25221.584 -0.00322 0 0
25221.592 -0.00242 0 0
25221.598 0.00564 0 0
25221.604 0.01451 0 0
25221.611 0.01934 0 0
25221.617 0.01693 0 0
25221.623 0.01128 0 0
25221.630 0.00484 0 0
25221.639 0.00081 0 0
25221.645 0.00000 0 0
25221.650 -0.00081 0 0
25221.656 -0.00403 0 0
25221.664 -0.00645 0 0
25221.670 -0.00645 0 0
25221.678 -0.00161 0 0
25221.686 0.00242 0 0
25221.691 -0.00484 0 0
25221.697 -0.01854 0 0
25221.703 -0.01209 0 0
25221.710 0.06126 0 0
25221.719 0.20634 0 0
25221.725 0.34980 0 0
25221.730 0.38849 1 0
25221.738 0.28049 0 0
25221.744 0.09591 0 0
25221.750 -0.04675 0 0
25221.758 -0.08544 0 0
25221.766 -0.05320 0 0
25221.771 -0.01451 0 0
25221.777 0.00081 0 0
25221.783 -0.00484 0 0
25221.791 -0.01209 0 0
25221.797 -0.01370 0 0
25221.805 -0.01370 0 0
25221.810 -0.01290 0 0
25221.818 -0.00967 0 0
25221.824 -0.00403 0 0
25221.830 0.00000 0 0
25221.836 0.00161 0 0
25221.846 0.00081 0 0
25221.852 0.00242 0 0
25221.857 0.00645 0 0
25221.863 0.01128 0 0
25221.871 0.01370 0 0
25221.877 0.01209 0 0
25221.885 0.01128 0 0
25221.890 0.01451 0 0
25221.898 0.02257 0 0
25221.904 0.03143 0 0
25221.910 0.03869 0 0
25221.916 0.04352 0 0
25221.924 0.04675 0 0
25221.932 0.05239 0 0
25221.938 0.06206 0 0
25221.943 0.07415 0 0
25221.951 0.08705 0 0
25221.957 0.09914 0 0
25221.963 0.11042 0 0
25221.970 0.12090 0 0
25221.979 0.13057 0 0
25221.984 0.13944 0 0
25221.990 0.14830 0 0
25221.996 0.15717 0 0
25222.004 0.16362 0 0
25222.012 0.16765 0 0
25222.018 0.16765 0 0
25222.025 0.16442 0 0
25222.031 0.15314 0 0
25222.037 0.13299 0 0
25222.043 0.10397 0 0
25222.053 0.07335 0 0
25222.059 0.04594 0 0
25222.064 0.02418 0 0
25222.070 0.01773 0 0
25222.078 0.01290 0 0
25222.084 -0.00242 0 0
25222.090 -0.01209 0 0
25222.098 -0.01451 0 0
25222.105 -0.01612 0 0
25222.111 -0.01854 0 0
25222.117 -0.02176 0 0
25222.123 -0.02176 0 0
25222.130 -0.02015 0 0
25222.139 -0.01934 0 0
25222.145 -0.02015 0 0
25222.150 -0.02096 0 0
25222.158 -0.01854 0 0
25222.164 -0.01531 0 0
25222.170 -0.01209 0 0
25222.176 -0.00887 0 0
25222.186 -0.00645 0 0
25222.191 -0.00322 0 0
25222.197 -0.00242 0 0
25222.203 -0.00403 0 0
25222.210 -0.00725 0 0
25222.217 -0.00967 0 0
25222.225 -0.00806 0 0
25222.230 -0.00403 0 0
25222.238 -0.00081 0 0
25222.244 0.00000 0 0
25222.250 -0.00161 0 0
25222.256 -0.00322 0 0
25222.266 -0.00242 0 0
25222.271 -0.00081 0 0
25222.277 -0.00161 0 0
25222.283 -0.00484 0 0
25222.291 -0.00725 0 0
25222.297 -0.00645 0 0
25222.303 -0.00484 0 0
25222.310 -0.00161 0 0
25222.318 -0.00081 0 0
25222.324 -0.00081 0 0
25222.330 -0.00161 0 0
25222.336 -0.00161 0 0
25222.344 -0.00161 0 0
25222.352 -0.00322 0 0
25222.357 -0.00403 0 0
25222.365 -0.00322 0 0
25222.371 0.00000 0 0
25222.377 0.00242 0 0
25222.383 0.00322 0 0
25222.393 0.00081 0 0
25222.398 -0.00161 0 0
25222.404 -0.00161 0 0
25222.410 0.00000 0 0
25222.418 0.00000 0 0
25222.424 -0.00161 0 0
25222.430 -0.00242 0 0
25222.438 -0.00081 0 0
25222.445 0.00242 0 0
25222.451 0.00403 0 0
25222.457 0.00322 0 0
25222.463 0.00081 0 0
25222.470 -0.00242 0 0
25222.479 -0.00484 0 0
25222.484 -0.00564 0 0
25222.490 -0.00403 0 0
25222.498 0.00000 0 0
25222.504 0.00322 0 0
25222.510 0.00645 0 0
25222.518 0.00645 0 0
25222.525 0.00484 0 0
25222.531 0.00403 0 0
25222.537 0.00725 0 0
25222.543 0.01128 0 0
25222.550 0.01290 0 0
25222.559 0.00967 0 0
25222.564 0.00322 0 0
25222.570 -0.00403 0 0
25222.578 -0.00645 0 0
25222.584 -0.00645 0 0
25222.590 -0.00403 0 0
25222.596 -0.00564 0 0
25222.605 -0.00806 0 0
25222.611 -0.00725 0 0
25222.617 0.00000 0 0
25222.623 0.00484 0 0
25222.630 -0.00242 0 0
25222.637 -0.02015 0 0
25222.645 -0.01854 0 0
25222.650 0.04997 0 0
25222.658 0.18941 0 0
25222.664 0.33610 0 0
25222.670 0.38607 1 0
25222.676 0.28855 0 0
25222.686 0.10559 0 0
25222.691 -0.04433 0 0
25222.697 -0.08866 0 0
25222.705 -0.05481 0 0
25222.710 -0.00887 0 0
25222.717 0.00725 0 0
25222.723 0.00161 0 0
25222.732 -0.00484 0 0
25222.738 -0.00484 0 0
25222.744 -0.00322 0 0
25222.750 -0.00242 0 0
25222.758 -0.00242 0 0
25222.764 0.00000 0 0
25222.771 0.00322 0 0
25222.777 0.00645 0 0
25222.785 0.00806 0 0
25222.791 0.01048 0 0
25222.797 0.01209 0 0
25222.803 0.01290 0 0
25222.813 0.01531 0 0
25222.818 0.01854 0 0
25222.824 0.02337 0 0
25222.830 0.02660 0 0
25222.838 0.03063 0 0
25222.844 0.03466 0 0
25222.850 0.04030 0 0
25222.857 0.04594 0 0
25222.865 0.05239 0 0
25222.871 0.05803 0 0
25222.877 0.06367 0 0
25222.883 0.07093 0 0
25222.890 0.07899 0 0
25222.898 0.09108 0 0
25222.904 0.10397 0 0
25222.910 0.11768 0 0
25222.918 0.12977 0 0
25222.924 0.14024 0 0
25222.930 0.14750 0 0
25222.936 0.15314 0 0
25222.945 0.15717 0 0
25222.951 0.16120 0 0
25222.957 0.16523 0 0
25222.963 0.16362 0 0
25222.970 0.15475 0 0
25222.977 0.13702 0 0
25222.984 0.11365 0 0
25222.990 0.08624 0 0
25222.998 0.05884 0 0
25223.004 0.03869 0 0
25223.010 0.02015 0 0
25223.016 0.01209 0 0
25223.025 0.00725 0 0
25223.031 -0.00564 0 0
25223.037 -0.01290 0 0
25223.045 -0.01531 0 0
25223.050 -0.01451 0 0
25223.057 -0.01451 0 0
25223.064 -0.01612 0 0
25223.072 -0.01854 0 0
25223.078 -0.01854 0 0
25223.084 -0.01612 0 0
25223.090 -0.01370 0 0
25223.098 -0.01209 0 0
25223.104 -0.01209 0 0
25223.111 -0.01128 0 0
25223.117 -0.00967 0 0
25223.125 -0.00725 0 0
25223.130 -0.00725 0 0
25223.137 -0.00806 0 0
25223.143 -0.00725 0 0
25223.152 -0.00484 0 0
25223.158 -0.00161 0 0
25223.164 -0.00081 0 0
25223.170 -0.00322 0 0
25223.178 -0.00645 0 0
25223.184 -0.00806 0 0
25223.191 -0.00887 0 0
25223.197 -0.00806 0 0
25223.205 -0.00564 0 0
25223.210 -0.00242 0 0
25223.217 0.00000 0 0
25223.223 -0.00081 0 0
25223.230 -0.00403 0 0
25223.238 -0.00564 0 0
25223.244 -0.00403 0 0
25223.250 -0.00081 0 0
25223.258 0.00081 0 0
25223.264 -0.00081 0 0
25223.270 -0.00403 0 0
25223.277 -0.00645 0 0
25223.285 -0.00645 0 0
25223.291 -0.00564 0 0
25223.297 -0.00564 0 0
25223.303 -0.00484 0 0
25223.310 -0.00322 0 0
25223.318 -0.00161 0 0
25223.324 -0.00081 0 0
25223.330 0.00000 0 0
25223.338 0.00081 0 0
25223.344 -0.00081 0 0
25223.350 -0.00081 0 0
25223.355 -0.00081 0 0
25223.365 -0.00161 0 0
25223.371 -0.00161 0 0
25223.377 0.00000 0 0
25223.385 0.00161 0 0
25223.390 0.00322 0 0
25223.396 0.00403 0 0
25223.404 0.00403 0 0
25223.412 0.00081 0 0
25223.418 -0.00242 0 0
25223.424 -0.00403 0 0
25223.430 -0.00242 0 0
25223.438 -0.00081 0 0
25223.445 0.00000 0 0
25223.451 -0.00242 0 0
25223.457 -0.00322 0 0
25223.465 -0.00242 0 0
25223.470 0.00000 0 0
25223.477 0.00000 0 0
25223.482 0.00000 0 0
25223.492 0.00242 0 0
25223.498 0.00564 0 0
25223.504 0.00725 0 0
25223.510 0.00564 0 0
25223.518 0.00161 0 0
25223.523 0.00322 0 0
25223.531 0.00806 0 0
25223.537 0.01128 0 0
25223.545 0.00806 0 0
25223.550 0.00322 0 0
25223.557 -0.00161 0 0
25223.563 -0.00403 0 0
25223.572 -0.00564 0 0
25223.578 -0.00645 0 0
25223.584 -0.00806 0 0
25223.590 -0.00806 0 0
25223.598 -0.00564 0 0
25223.604 0.00000 0 0
25223.610 0.00564 0 0
25223.617 0.00081 0 0
25223.625 -0.01531 0 0
25223.630 -0.01370 0 0
25223.637 0.05078 0 0
25223.643 0.18780 0 0
25223.650 0.33771 0 0
25223.658 0.39494 1 0
25223.664 0.30144 0 0
25223.670 0.11848 0 0
25223.678 -0.03708 0 0
25223.684 -0.09027 0 0
25223.690 -0.05884 0 0
25223.697 -0.01048 0 0
25223.705 0.01048 0 0
25223.710 0.00725 0 0
25223.717 -0.00081 0 0
25223.725 -0.00322 0 0
25223.730 -0.00161 0 0
25223.736 0.00000 0 0
25223.744 0.00081 0 0
25223.752 0.00000 0 0
25223.758 0.00000 0 0
25223.764 0.00161 0 0
25223.770 0.00484 0 0
25223.777 0.00725 0 0
25223.785 0.00887 0 0
25223.791 0.01128 0 0
25223.797 0.01693 0 0
25223.805 0.02418 0 0
25223.810 0.02821 0 0
25223.816 0.02982 0 0
25223.824 0.03224 0 0
25223.832 0.03546 0 0
25223.838 0.04030 0 0
25223.844 0.04352 0 0
25223.850 0.04675 0 0
25223.857 0.05078 0 0
25223.863 0.05884 0 0
25223.871 0.06932 0 0
25223.877 0.08141 0 0
25223.885 0.09430 0 0
25223.890 0.10720 0 0
25223.896 0.11929 0 0
25223.902 0.12977 0 0
25223.912 0.13863 0 0
25223.918 0.14589 0 0
25223.924 0.15314 0 0
25223.930 0.16120 0 0
25223.938 0.16765 0 0
25223.943 0.17087 0 0
25223.951 0.16845 0 0
25223.957 0.16039 0 0
25223.965 0.14589 0 0
25223.970 0.12493 0 0
25223.977 0.09753 0 0
25223.982 0.06609 0 0
25223.992 0.04111 0 0
25223.998 0.02096 0 0
25224.004 0.01209 0 0
25224.010 0.00645 0 0
25224.018 -0.00564 0 0
25224.023 -0.01209 0 0
25224.030 -0.01209 0 0
25224.037 -0.00967 0 0
25224.045 -0.00887 0 0
25224.050 -0.01128 0 0
25224.057 -0.01451 0 0
25224.064 -0.01531 0 0
25224.070 -0.01370 0 0
25224.078 -0.01209 0 0
25224.084 -0.01128 0 0
25224.092 -0.00967 0 0
25224.098 -0.00806 0 0
25224.104 -0.00806 0 0
25224.110 -0.00967 0 0
25224.120 -0.00967 0 0
25224.125 -0.00645 0 0
25224.130 -0.00242 0 0
25224.137 -0.00081 0 0
25224.145 -0.00161 0 0
25224.150 -0.00322 0 0
25224.156 -0.00322 0 0
25224.164 -0.00081 0 0
25224.172 0.00000 0 0
25224.178 -0.00161 0 0
25224.184 -0.00645 0 0
25224.190 -0.00967 0 0
25224.197 -0.00887 0 0
25224.205 -0.00564 0 0
25224.210 -0.00242 0 0
25224.217 -0.00322 0 0
25224.225 -0.00645 0 0
25224.230 -0.00887 0 0
25224.236 -0.00806 0 0
25224.242 -0.00403 0 0
25224.252 -0.00081 0 0
25224.258 0.00081 0 0
25224.264 0.00000 0 0
25224.270 -0.00161 0 0
25224.277 -0.00161 0 0
25224.283 0.00000 0 0
25224.291 0.00000 0 0
25224.297 0.00000 0 0
25224.305 -0.00081 0 0
25224.310 -0.00081 0 0
25224.316 -0.00081 0 0
25224.322 0.00081 0 0
25224.332 0.00000 0 0
25224.338 0.00000 0 0
25224.344 0.00000 0 0
25224.350 0.00000 0 0
25224.357 -0.00081 0 0
25224.363 -0.00242 0 0
25224.370 -0.00242 0 0
25224.377 0.00000 0 0
25224.385 0.00161 0 0
25224.390 0.00081 0 0
25224.396 0.00000 0 0
25224.404 0.00000 0 0
25224.410 0.00161 0 0
25224.418 0.00081 0 0
25224.424 -0.00081 0 0
25224.432 -0.00081 0 0
25224.438 0.00242 0 0
25224.443 0.00806 0 0
25224.450 0.00967 0 0
25224.459 0.00967 0 0
25224.465 0.00967 0 0
25224.470 0.01209 0 0
25224.477 0.01290 0 0
25224.484 0.00967 0 0
25224.490 0.00322 0 0
25224.498 -0.00161 0 0
25224.504 -0.00645 0 0
25224.512 -0.00887 0 0
25224.518 -0.01290 0 0
25224.523 -0.01451 0 0
25224.530 -0.01370 0 0
25224.537 -0.01048 0 0
25224.545 -0.00484 0 0
25224.550 0.00161 0 0
25224.557 -0.00161 0 0
25224.564 -0.01693 0 0
25224.570 -0.02660 0 0
25224.576 0.01531 0 0
25224.584 0.13702 0 0
25224.592 0.29580 0 0
25224.598 0.38849 1 0
25224.604 0.33691 0 0
25224.610 0.16926 0 0
25224.617 -0.00161 0 0
25224.625 -0.08141 0 0
25224.630 -0.06609 0 0
25224.637 -0.02176 0 0
25224.645 0.00000 0 0
25224.650 -0.00322 0 0
25224.656 -0.01128 0 0
25224.662 -0.01128 0 0
25224.672 -0.00645 0 0
25224.678 -0.00242 0 0
25224.684 -0.00081 0 0
25224.690 0.00000 0 0
25224.697 0.00161 0 0
25224.703 0.00403 0 0
25224.710 0.00484 0 0
25224.717 0.00484 0 0
25224.725 0.00403 0 0
25224.730 0.00564 0 0
25224.736 0.00967 0 0
25224.744 0.01531 0 0
25224.752 0.01854 0 0
25224.758 0.02176 0 0
25224.764 0.02499 0 0
25224.771 0.02982 0 0
25224.777 0.03385 0 0
25224.783 0.03788 0 0
25224.790 0.04272 0 0
25224.799 0.04997 0 0
25224.805 0.06045 0 0
25224.810 0.07173 0 0
25224.816 0.08060 0 0
25224.824 0.08866 0 0
25224.830 0.09591 0 0
25224.838 0.10478 0 0
25224.844 0.11606 0 0
25224.852 0.12735 0 0
25224.857 0.13783 0 0
25224.863 0.14669 0 0
25224.870 0.15395 0 0
25224.879 0.15959 0 0
25224.885 0.16039 0 0
25224.890 0.15717 0 0
25224.896 0.14911 0 0
25224.904 0.13621 0 0
25224.910 0.11606 0 0
25224.916 0.08947 0 0
25224.924 0.06126 0 0
25224.932 0.03305 0 0
25224.938 0.02499 0 0
25224.943 0.01854 0 0
25224.950 0.00081 0 0
25224.957 -0.01209 0 0
25224.965 -0.01934 0 0
25224.970 -0.02257 0 0
25224.977 -0.02499 0 0
25224.984 -0.02740 0 0
25224.990 -0.02660 0 0
25224.996 -0.02499 0 0
