25220.530 0.00000 0 0
25220.540 0.00000 0 0
25220.545 0.00000 0 0
25220.550 0.00161 0 0
25220.557 0.00161 0 0
25220.564 0.00161 0 0
25220.570 -0.00081 0 0
25220.578 -0.00322 0 0
25220.584 -0.00322 0 0
25220.592 -0.00161 0 0
25220.598 0.00000 0 0
25220.604 0.00000 0 0
25220.610 -0.00081 0 0
25220.620 0.00000 0 0
25220.625 0.00000 0 0
25220.630 0.00000 0 0
25220.637 0.00000 0 0
25220.645 0.00000 0 0
25220.650 0.00000 0 0
25220.656 0.00000 0 0
25220.666 0.00000 0 0
25220.672 0.00242 0 0
25220.678 0.00564 0 0
25220.684 0.00645 0 0
25220.691 0.00484 0 0
25220.697 0.00484 0 0
25220.705 0.00645 0 0
25220.710 0.00967 0 0
25220.719 0.01048 0 0
25220.725 0.00806 0 0
25220.730 0.00242 0 0
25220.736 0.00000 0 0
25220.746 -0.00161 0 0
25220.752 -0.00403 0 0
25220.758 -0.00645 0 0
25220.764 -0.00887 0 0
25220.771 -0.00967 0 0
25220.777 -0.00806 0 0
25220.783 -0.00242 0 0
25220.791 0.00242 0 0
25220.799 -0.00242 0 0
25220.805 -0.01773 0 0
25220.810 -0.01934 0 0
25220.816 0.03949 0 0
25220.824 0.17571 0 0
25220.832 0.32724 0 0
25220.838 0.38607 1 0
25220.844 0.29822 0 0
25220.852 0.11929 0 0
25220.857 -0.03224 0 0
25220.863 -0.08463 0 0
25220.870 -0.05561 0 0
25220.879 -0.01370 0 0
25220.885 0.00322 0 0
25220.890 -0.00161 0 0
25220.896 -0.00806 0 0
25220.904 -0.00806 0 0
25220.910 -0.00484 0 0
25220.918 -0.00161 0 0
25220.924 0.00000 0 0
25220.932 0.00161 0 0
25220.938 0.00161 0 0
25220.943 0.00161 0 0
25220.950 0.00161 0 0
25220.959 0.00322 0 0
25220.965 0.00645 0 0
25220.970 0.00967 0 0
25220.977 0.01209 0 0
25220.984 0.01290 0 0
25220.990 0.01451 0 0
25220.996 0.01693 0 0
25221.006 0.01934 0 0
25221.012 0.02257 0 0
25221.018 0.02660 0 0
25221.023 0.03224 0 0
25221.031 0.03949 0 0
25221.037 0.04836 0 0
25221.045 0.05723 0 0
25221.050 0.06609 0 0
25221.059 0.07335 0 0
25221.064 0.07979 0 0
25221.070 0.08866 0 0
25221.076 0.10236 0 0
25221.086 0.11768 0 0
25221.092 0.13380 0 0
25221.098 0.14427 0 0
25221.104 0.14992 0 0
25221.111 0.15233 0 0
25221.117 0.15314 0 0
25221.125 0.15475 0 0
25221.130 0.15395 0 0
25221.139 0.14911 0 0
25221.145 0.13702 0 0
25221.150 0.11445 0 0
25221.156 0.08624 0 0
25221.164 0.05561 0 0
25221.172 0.02660 0 0
25221.178 0.01854 0 0
25221.184 0.01531 0 0
25221.191 0.00242 0 0
25221.197 -0.00403 0 0
25221.203 -0.00967 0 0
25221.210 -0.01370 0 0
25221.219 -0.01693 0 0
25221.225 -0.01854 0 0
25221.230 -0.01773 0 0
25221.236 -0.01693 0 0
25221.244 -0.01612 0 0
25221.252 -0.01612 0 0
25221.258 -0.01531 0 0
25221.264 -0.01370 0 0
25221.271 -0.01290 0 0
25221.277 -0.01290 0 0
25221.283 -0.01209 0 0
25221.290 -0.01128 0 0
25221.299 -0.01128 0 0
25221.305 -0.01209 0 0
25221.310 -0.01290 0 0
25221.316 -0.01209 0 0
25221.324 -0.01048 0 0
25221.330 -0.00887 0 0
25221.338 -0.00887 0 0
25221.346 -0.00887 0 0
25221.352 -0.01048 0 0
25221.357 -0.01128 0 0
25221.363 -0.01128 0 0
25221.371 -0.00887 0 0
25221.379 -0.00564 0 0
25221.385 -0.00403 0 0
25221.390 -0.00484 0 0
25221.398 -0.00725 0 0
25221.404 -0.00967 0 0
25221.410 -0.00967 0 0
25221.416 -0.00806 0 0
25221.426 -0.00725 0 0
25221.432 -0.00725 0 0
25221.438 -0.00645 0 0
25221.443 -0.00564 0 0
25221.451 -0.00484 0 0
25221.457 -0.00484 0 0
25221.465 -0.00645 0 0
25221.470 -0.00725 0 0
25221.479 -0.00564 0 0
25221.484 -0.00322 0 0
25221.490 0.00081 0 0
25221.496 0.00161 0 0
25221.506 0.00081 0 0
25221.512 -0.00081 0 0
25221.518 -0.00161 0 0
25221.523 0.00000 0 0
